1|0|2|4|3|u|0|_|a|2|4|3
1|0|2|2|2|u|0|_|a|2|2|2
1‌×0‌×2‌×4‌×3‌×u‌×0‌×_‌×a‌×2‌×4‌×3
1|0|2|7|6|u|0|_|a|2|7|6
1111942111943111944111945111946111947111948111949111940111940111949111948111947111946111945111944111943111942111941
1102712102713102714102715102716102717102718102719102710102710102719102718102717102716102715102714102713102712102711
1102022102023102024102025102026102027102028102029102020102020102029102028102027102026102025102024102023102022102021
1103982103983103984103985103986103987103988103989103980103980103989103988103987103986103985103984103983103982103981
1110552110553110554110555110556110557110558110559110550110550110559110558110557110556110555110554110553110552110551
15012501350145015501650175018501950105010501950185017501650155014501350125011
1102812102813102814102815102816102817102818102819102810102810102819102818102817102816102815102814102813102812102811
1102432102433102434102435102436102437102438102439102430102430102439102438102437102436102435102434102433102432102431
h10243l10243o10243a102431102432102433102433
